164
143
233
184
171
206
200
208
156
279
200
183
210
240
286
189
224
231
248
336
240
200
269
206
246
239
234
185
228
198
172
139
232
239
231
175
243
176
180
239
208
200
209
183
223
207
171
223
225
208
199
209
191
195
240
215
216
199
210
182
221
255
189
238
223
215
184
225
207
269
157
112
214
215
207
143
223
151
158
112
223
215
215
151
231
201
202
247
232
201
182
201
209
254
179
215
224
207
136
240
182
149
143
208
216
151
176
184
240
240
172
231
220
176
190
206
190
237
164
224
184
184
174
199
216
165
151
209
177
143
152
151
223
142
89
199
192
134
167
120
128
156
215
224
185
176
159
184
223
165
135
224
249
200
165
216
199
173
216
240
183
176
168
209
240
459
336
374
416
473
356
358
320
407
172
232
216
167
176
183
183
256
172
216
240
200
192
175
208
232
176
216
231
199
175
231
208
179
232
249
192
185
175
192
242
213
178
229
222
213
208
238
247
184
217
165
198
196
220
238
225
176
281
226
270
183
160
218
202
252
179
282
195
268
217
275
221
261
223
255
209
261
167
223
235
236
178
210
207
247
167
152
223
235
236
178
210
207
247
167
152
223
235
236
178
210
207
247
192
129
230
259
232
184
224
198
265
149
152
229
252
233
195
216
190
149
152
229
252
233
195
216
190
348
165
137
222
272
227
192
240
226
276
171
234
261
247
204
256
208
271
173
237
267
277
193
288
227
259
203
250
279
265
227
252
230
283
168
237
272
258
194
220
213
257
180
164
211
241
205
187
221
194
189
171
224
402
224
217
212
276
206
249
241
278
231
211
208
261
192
134
243
239
169
228
187
259
176
158
216
233
233
179
238
174
198
171
212
405
268
137
180
285
209
178
216
253
234
180
226
193
191
174
215
352
264
231
238
242
196
176
214
230
228
179
222
234
238
186
170
225
242
242
179
214
210
263
173
194
254
259
230
188
251
225
205
224
244
218
175
215
177
249
173
229
283
257
208
217
203
258
164
144
216
274
239
188
213
195
256
181
230
259
213
179
196
188
251
148
155
225
229
220
165
222
169
230
186
220
263
231
186
210
183
224
188
164
210
200
177
197
189
224
200
154
208
210
175
179
170
249
161
146
215
243
147
255
122
241
196
169
222
216
99
235
175
209
180
160
219
224
189
187
162
185
172
208
234
185
206
181
237
205
170
231
227
220
155
278
178
171
153
209
244
239
189
271
198
275
160
178
206
232
227
164
255
224
169
208
204
209
161
222
176
233
180
242
266
199
163
233
172
244
152
234
238
226
177
226
199
220
174
138
223
227
212
142
205
173
247
170
228
239
215
167
224
211
197
127
229
223
226
139
255
183
289
196
186
225
226
205
174
221
167
166
239
237
209
186
182
191
233
161
205
215
194
157
211
208
175
161
235
239
208
145
225
162
266
167
158
218
216
195
149
211
153
174
131
232
217
129
279
137
233
219
173
169
225
270
220
139
227
114
