109
103
47
54
72
120
55
73
95
88
108
83
56
64
71
64
62
95
96
93
103
56
39
65
64
64
64
105
80
55
72
88
106
60
64
64
96
85
102
96
94
64
64
80
102
85
96
72
74
108
72
88
80
88
93
103
95
80
71
66
70
86
84
97
127
71
72
79
112
81
112
112
97
112
71
71
115
81
70
72
80
121
128
55
72
80
119
71
88
88
88
99
103
63
72
64
72
96
88
80
100
115
72
80
112
71
80
104
93
111
56
72
72
112
72
80
88
77
100
63
72
94
90
77
80
95
100
79
79
79
180
175
91
63
62
111
64
64
72
97
95
45
55
79
104
79
63
71
87
74
63
71
79
89
70
79
72
74
96
54
55
96
114
69
40
63
113
76
55
71
80
89
87
72
97
80
69
87
71
95
87
63
72
79
88
69
64
86
95
72
63
72
71
37
92
54
63
79
103
63
56
72
103
85
95
63
67
71
79
72
72
72
0
57
173
241
1241
1201
273
767
543
737
1353
463
421
280
329
236
109
128
151
91
56
48
87
113
72
72
80
80
92
48
55
77
96
96
96
80
120
93
104
72
80
71
72
72
88
69
105
47
56
78
112
80
80
72
103
77
83
47
81
88
88
104
72
87
92
48
63
78
111
80
79
79
120
79
63
87
94
80
79
72
72
61
55
64
71
88
64
71
63
47
85
79
71
72
88
95
79
80
71
117
71
79
79
112
71
76
71
88
